      K-mer  Value  Godel_number   Entropy
0     TCGAG      1     18.937723  0.018853
1     GAGTC      1     20.585799  0.018853
2     AGTCC      1     19.114347  0.018853
3     GTCCA      1     15.982482  0.018853
4     TCCAA      1     12.532495  0.018853
5     CCAAT      1     16.730448  0.018853
6     CAATC      1     16.673776  0.018853
7     AATCC      1     16.917122  0.018853
8     ATCCA      1     14.596188  0.018853
9     TCCAG      1     17.328285  0.018853
10    CCAGC      1     15.826478  0.018853
11    CAGCT      1     20.796622  0.018853
12    AGCTC      1     19.787291  0.018853
13    GCTCA      1     17.004133  0.018853
14    CTCAT      1     20.537111  0.018853
15    ATTTC      1     24.104779  0.018853
16    TTTCT      1     27.088191  0.018853
17    TTCTG      1     25.363240  0.018853
18    TCTGG      1     24.438981  0.018853
19    CTGGC      1     21.242578  0.018853
20    GGCTG      1     23.571481  0.018853
21    GCTGT      1     26.143729  0.018853
22    TGCAT      1     20.824793  0.018853
23    GCATT      1     23.261326  0.018853
24    ATTCA      1     17.815064  0.018853
25    TTCAC      1     17.127614  0.018853
26    TCACT      1     20.062653  0.018853
27    CACTT      1     23.079004  0.018853
28    ACTTG      1     24.305450  0.018853
29    CTTGC      1     22.852016  0.018853
30    TTGCA      1     18.285067  0.018853
31    GCACG      1     16.971610  0.018853
32    CACGC      1     16.337303  0.018853
33    ACGCC      1     16.406296  0.018853
34    CGCCG      1     18.986513  0.018853
35    GCCGG      1     20.526958  0.018853
36    CCGGG      1     21.443249  0.018853
37    GGGGC      1     20.837113  0.018853
38    GGGCG      1     21.289098  0.018853
39    GGCGA      1     16.829780  0.018853
40    GCGAG      1     18.244576  0.018853
41    GAGTT      1     25.381589  0.018853
42    AGTTG      1     25.404062  0.018853
43    TTGGC      1     22.628873  0.018853
44    GGCTC      1     21.173585  0.018853
45    GCTCT      1     24.197819  0.018853
46    TCTTG      1     26.384891  0.018853
47    CTTGA      1     20.454121  0.018853
48    TCTCA      1     17.697281  0.018853
49    CTCAC      1     15.741320  0.018853
50    TCACA      1     12.868967  0.018853
51    GCACC      1     14.573715  0.018853
52    ACCTT      1     23.484469  0.018853
53    TCTCG      1     22.493071  0.018853
54    CTCGT      1     24.428931  0.018853
55    TCGTG      1     24.775453  0.018853
56    CGTGC      1     21.753404  0.018853
57    GTGCC      1     19.989815  0.018853
58    TGCCT      1     22.770703  0.018853
59    GCCTT      1     24.870764  0.018853
60    TCTCC      1     20.095176  0.018853
61    CTCCG      1     20.085125  0.018853
62    CCGTC      1     20.991264  0.018853
63    CGTCC      1     19.807494  0.018853
64    GTCCT      1     23.176168  0.018853
65    TCCTT      1     25.563911  0.018853
66    CCTTT      1     27.396492  0.018853
67    CTTTG      1     27.195822  0.018853
68    TTTGT      1     29.034101  0.018853
69    TTGTT      1     29.370573  0.018853
70    TTGGG      1     25.026768  0.018853
71    TGGGT      1     26.326051  0.018853
72    GGGTG      1     25.180919  0.018853
73    GTGAC      1     18.043905  0.018853
74    TGACT      1     21.161265  0.018853
75    GACTC      1     18.976361  0.018853
76    ACTCC      1     18.015734  0.018853
77    CTCCA      1     15.289335  0.018853
78    TCCAC      1     14.930390  0.018853
79    CCACC      1     13.880568  0.018853
80    CACCG      1     16.789289  0.018853
81    ACCGC      1     16.742769  0.018853
82    CCGCT      1     21.895234  0.018853
83    CGCTC      1     20.480438  0.018853
84    GCTCG      1     21.799924  0.018853
85    CTCGC      1     19.633140  0.018853
86   TCGC\n      1     13.689947  0.018853
87    TCGAA      1     14.141932  0.018853
88    CGAAG      1     15.431165  0.018853
89    GAAGA      1     13.023117  0.018853
90    AAGAG      1     15.759669  0.018853
91    AGAGC      1     16.231943  0.018853
92    GAGCA      1     14.296083  0.018853
93    AGCAA      1     11.551665  0.018853
94    GCAAC      1     12.627805  0.018853
95    CAACT      1     17.577746  0.018853
96    TCTTC      1     23.986996  0.018853
97    CTTCA      1     18.508211  0.018853
98    TTCAT      1     21.923405  0.018853
99    TCATA      1     16.760787  0.018853
100   CATAC      1     15.664359  0.018853
101   ATACA      1     12.986750  0.018853
102   CACCC      1     14.391393  0.018853
103   ACCCT      1     19.592649  0.018853
104   CCCTG      1     21.779721  0.018853
105   AACTG      1     19.987962  0.018853
106   ACTGT      1     24.757435  0.018853
107   CTGTC      1     23.188488  0.018853
108   CTTAG      1     21.358091  0.018853
109   TTAGG      1     21.807892  0.018853
110   TAGGA      1     16.935140  0.018853
111   AGGAC      1     15.558998  0.018853
112   GGACG      1     18.070222  0.018853
113   GACGC      1     17.030451  0.018853
114   ACGCA      1     14.008401  0.018853
115   CGCAA      1     12.244812  0.018853
116   GCAAT      1     17.423595  0.018853
117   CAATA      1     14.275880  0.018853
118   AATAT      1     19.767002  0.018853
119   ATATA      1     16.878570  0.018853
120   TATAA      1     14.652758  0.018853
121   ATAAA      1     11.040840  0.018853
122   TAAAC      1     12.222340  0.018853
123   GTTGT      1     28.340954  0.018853
124   TTGTC      1     24.574783  0.018853
125   TGTCA      1     18.795893  0.018853
126   GTCAA      1     14.036572  0.018853
127   TCAAT      1     18.116742  0.018853
128   CAATG      1     19.071671  0.018853
129   AATGA      1     16.465137  0.018853
130   ATGAA      1     14.259715  0.018853
131   GAAAG      1     13.927088  0.018853
132   AAGTG      1     21.597400  0.018853
133   TGTTA      1     22.687713  0.018853
134   TATAC      1     17.050653  0.018853
135   ATACC      1     15.384645  0.018853
136   TACCA      1     13.379792  0.018853
137   ACCAT      1     17.646739  0.018853
138   CCATA      1     15.374493  0.018853
139   CATAA      1     13.266464  0.018853
140   ATAAC      1     13.438735  0.018853
141   CAAGC      1     14.727866  0.018853
142   AAGCA      1     12.909789  0.018853
143   AGCAT      1     18.745351  0.018853
144  GCAT\n      1     13.669745  0.018853
145   TTATT      1     26.151697  0.018853
146   TATTG      1     25.286279  0.018853
147   ATTGA      1     19.760974  0.018853
148   GAAAC      1     11.529192  0.018853
149   TTCTA      1     20.567450  0.018853
150   TCTAA      1     15.751370  0.018853
151   CTAAG      1     16.529777  0.018853
152   TAAGT      1     20.909950  0.018853
153   AAGTT      1     23.995295  0.018853
154   AGTTT      1     27.801957  0.018853
155   GTTTT      1     30.286864  0.018853
156   TTTTA      1     23.786325  0.018853
157   TTTAA      1     17.948595  0.018853
158   TTAAC      1     15.518176  0.018853
159   AACAC      1     11.752336  0.018853
160   CTGTA      1     20.790593  0.018853
161   TGTAC      1     19.247878  0.018853
162   GTACA      1     14.373044  0.018853
163   TACAT      1     18.627568  0.018853
164   ACATT      1     21.875031  0.018853
165   ATTCC      1     20.212959  0.018853
166   TTCCC      1     19.073525  0.018853
167   TCCCT      1     21.672091  0.018853
168   CCCTT      1     24.177616  0.018853
169   CTTCG      1     23.304001  0.018853
170   TTCGG      1     23.417330  0.018853
171   TCGGG      1     22.829543  0.018853
172   GGGGT      1     25.632904  0.018853
173   GGGTC      1     22.783023  0.018853
174   GGTCT      1     25.296431  0.018853
175   CTTAC      1     18.960196  0.018853
176   TTACA      1     15.066191  0.018853
177   CACAA      1     10.047588  0.018853
178   ACAAA      1      8.843615  0.018853
179   CAAAC      1     10.836045  0.018853
180   GTGTC      1     23.881636  0.018853
181   TCTAT      1     22.945056  0.018853
182   CTATG      1     22.367508  0.018853
183   ATGTA      1     20.097446  0.018853
184   TGTAT      1     24.043668  0.018853
185   GTATG      1     23.060655  0.018853
186   ATGTC      1     22.495341  0.018853
187   TGTCT      1     25.989579  0.018853
188   TAGTT      1     26.074736  0.018853
189   AGTTA      1     20.608272  0.018853
190   TATAT      1     21.846444  0.018853
191  ATAT\n      1     14.480675  0.018853
192   TTATC      2     21.355907  0.033459
193   TATCG      2     21.394459  0.033459
194   ATCGA      2     16.542098  0.033459
195   CGAGT      2     21.720881  0.033459
196   TGGCT      2     24.380141  0.033459
197   TGTGC      2     23.139698  0.033459
198   GTGCA      2     17.591920  0.033459
199   CATTC      2     21.502089  0.033459
200   TGCAC      2     16.029002  0.033459
201   CGGGG      2     22.541861  0.033459
202   GTTGG      2     25.943059  0.033459
203   CTCTT      2     26.374841  0.033459
204   TTGAA      2     16.339157  0.033459
205   GAACT      2     18.270893  0.033459
206   AACTT      2     22.385857  0.033459
207   ACTTC      2     21.907555  0.033459
208   CGTCG      2     22.205389  0.033459
209   TGTTG      2     27.483504  0.033459
210   ATTTA      2     21.706884  0.033459
211   TTTAG      2     22.744385  0.033459
212   TTAGA      2     17.012102  0.033459
213   TAGAG      2     17.839111  0.033459
214   AGAGG      2     18.629838  0.033459
215   GAGGA      2     16.241993  0.033459
216   AGGAA      2     13.161103  0.033459
217   GAAGT      2     20.216803  0.033459
218   AAGTA      2     16.801609  0.033459
219   AGTAA      2     14.770541  0.033459
220   GTAAA      2     12.427134  0.033459
221   TAAAA      2      9.824444  0.033459
222   AAAAG      2     12.540793  0.033459
223   AAGTC      2     19.199504  0.033459
224   AGTCG      2     21.512242  0.033459
225   TCGTA      2     19.979663  0.033459
226   CGTAA      2     15.463688  0.033459
227   GTAAC      2     14.825029  0.033459
228   CAAGG      2     17.125761  0.033459
229   AAGGT      2     22.049385  0.033459
230   AGGTT      2     26.192519  0.033459
231   GGTTT      2     29.188252  0.033459
232   GTTTC      2     25.491073  0.033459
233   TTTCC      2     22.292400  0.033459
234   TTCCG      2     21.471420  0.033459
235   CCGTA      2     18.593369  0.033459
236   CGTAG      2     20.259479  0.033459
237   GTAGG      2     21.114745  0.033459
238   TAGGT      2     24.128826  0.033459
239   AGGTG      2     23.794624  0.033459
240   TACAC      2     13.831778  0.033459
241   TGTGA      2     20.741803  0.033459
242   TGTCG      2     23.591683  0.033459
243   CGTCT      2     24.603284  0.033459
244   GTCTT      2     27.067988  0.033459
245   TCTTA      2     21.589101  0.033459
246   CTCTA      2     19.181155  0.033459
247   TAGTG      2     23.676841  0.033459
248   GTGTT      2     28.677426  0.033459
249   TGAAA      2     12.021669  0.033459
250   GTTAT      2     24.449134  0.033459
251   TTATA      2     18.958012  0.033459
252   GTCTA      2     19.874302  0.033459
253   TATGT      2     25.738264  0.033459
254   CCTGC      3     20.654792  0.046463
255   CTGCG      3     21.694563  0.046463
256   TGCGG      3     22.318718  0.046463
257   GCGGA      3     17.340606  0.046463
258   CGGAA      3     13.854250  0.046463
259   GAAGG      3     17.818908  0.046463
260   AAGGA      3     14.855699  0.046463
261   AGGAT      3     20.354789  0.046463
262   GGATC      3     19.564147  0.046463
263   GATCA      3     15.905521  0.046463
264   ATCAT      3     19.843963  0.046463
265   CATTA      3     19.104194  0.046463
266   ATTAT      3     23.062839  0.046463
267   CATTT      3     26.297880  0.046463
268   TTCTC      3     22.965345  0.046463
269   CACAC      3     12.445483  0.046463
270   ACACC      3     13.187421  0.046463
271   CACCT      3     19.187184  0.046463
272   CCTTC      3     22.600702  0.046463
273   TCCGT      3     23.618001  0.046463
274   GGTGA      3     20.048656  0.046463
275   AAAGT      3     18.830509  0.046463
276   AACAA      3      9.354441  0.046463
277   ACAAG      3     13.639406  0.046463
278   AACTC      3     17.590066  0.046463
279   ACTCT      3     22.811525  0.046463
280   AAACT      3     16.884599  0.046463
281   TCTAG      3     20.547161  0.046463
282   CTAGT      3     22.819493  0.046463
283   AGTGT      3     25.856047  0.046463
284   ACACA      3     10.789525  0.046463
285   GAACC      4     13.475103  0.058425
286   AACCT      4     18.494037  0.058425
287   CTGTG      4     25.586384  0.058425
288   CTTCT      4     25.701897  0.058425
289   CCTGT      4     25.450582  0.058425
290   TCGTC      4     22.377558  0.058425
291   TAACA      4     11.770354  0.058425
292   GTGAA      5     15.646010  0.069614
293   GGAAG      5     16.124312  0.069614
294   TGAAC      6     14.419564  0.080186
295   ACCTG      6     21.086574  0.080186
296   TCATT      6     23.954473  0.080186
297   GTCGT      6     25.122078  0.080186